,1,2,3,4,5,6,7,8,9,10,11,12,13,14,15,16,17,18,19,20,21,22,23,24,25,26,27,28,29,30,31
1,0.0,1.1133714050364638,15.180178566096327,3.967280300994355,4.559275060467616,21.346419719908027,69.71793723312133,14.506524530442835,24.767062775516013,74.02580698139687,115.97406797754493,408.45956134850263,538.6584419510887,524.3878686343531,490.6926246660526,500.4433487349615,607.9727690435666,821.6211367911854,246.77319604944907,403.14938036582464,478.5455093463527,545.3373421123356,816.2629377910207,247.30591411110584,773.931644758218,744.4995539580158,1105.8876209953212,1863.5970020006564,1479.287001356557,733.7289557765237,1558.0922765684256
2,1.1133714050364638,0.0,8.071341815451234,0.8772928382244688,1.166576568123198,12.709613010458158,53.210643754733645,7.582197359728883,15.378065022880948,56.98228253633431,94.36104846700015,366.9223901675808,490.79316877096585,477.175741259325,445.05888334889096,454.3474280748886,557.0515559458343,762.2441956006712,214.7353852727947,361.8903554705583,433.4940072601798,497.16935790263824,757.0835629017447,215.23234030765957,716.3364695034489,688.0315216136036,1036.8222590290582,1773.6087683146911,1399.2339795399525,677.6789529491429,1475.905338558924
3,15.180178566096327,8.071341815451234,0.0,3.626631132610708,3.10087080832512,0.524239302457524,19.83412463794083,0.007644301113798422,1.167430331755659,22.16197109498642,47.237452969631875,266.1533712562334,372.98584796500353,361.1270038974677,333.25992232811944,341.30405740727986,431.0161713547732,613.4419137627282,139.54322501418375,261.8702404780262,323.26271499596885,378.54699304249164,608.8132248101455,139.9438887365472,572.331560704468,547.0614250201556,861.9340768563677,1542.3861267879001,1194.7617189707535,537.8343933829018,1265.6875466571116
4,3.967280300994355,0.8772928382244688,3.626631132610708,0.0,0.020575786079011144,6.908566992146677,40.42319119710951,3.3012705664546598,8.909320477502293,43.71883304965811,77.04138859028345,331.9166293409777,450.1701323568935,437.13248374048516,406.4167140981567,415.2949954086318,513.71584886082,711.4025799516261,188.16193563558184,327.1314971654941,395.36867516199356,456.27761354474615,706.4173212212281,188.62714485197577,667.0764766371451,639.7720613485022,977.3805086932433,1695.5943817372865,1330.0387970615243,629.7905655588402,1404.8159395622447
5,4.559275060467616,1.166576568123198,3.10087080832512,0.020575786079011144,0.0,6.175089208396787,38.619772537251045,2.800593105198723,8.073587272026408,41.842517319119715,74.54388008002634,326.710563543253,444.10380274119865,431.1549449982709,400.6537465522573,409.4691976229274,507.2340843261965,703.7713148347219,184.24724536414942,321.9632435246662,389.68485920750095,450.1701323568935,698.8129139426816,184.7075928324277,659.6874308723955,632.53624324405,968.4321665368573,1683.8017128758693,1319.5967548644933,622.6115758159394,1394.0838055032998
6,21.346419719908027,12.709613010458158,0.524239302457524,6.908566992146677,6.175089208396787,0.0,13.909231389411454,0.6584923407686101,0.12704461487168905,15.869121203977427,37.80905857147127,243.05321150228437,345.5434041774912,334.1327426141897,307.34873470243065,315.0757266663854,401.47677035743067,578.1002717310163,122.96143696437636,238.96094208746058,297.7510544507151,350.8968317955151,573.6071509149056,123.33756043434659,538.2125496883925,513.7158488608196,819.9443316729856,1486.0393039505504,1145.2323450107829,504.77566514377844,1214.6938994893849
7,69.71793723312133,53.210643754733645,19.83412463794083,40.42319119710951,38.619772537251045,13.909231389411454,0.0,20.620532115022847,11.3776350394073,0.0645659768879331,5.8534910716951964,140.6751545283526,220.79848793633738,211.6963890835249,190.49123227595229,196.58463800497952,265.9305462241332,412.6670324584192,54.15914367404221,137.5660011928434,182.95149340081818,225.0819746782526,408.8722154396083,54.40886169300584,379.077013571809,358.5642319119708,620.2670893738614,1212.4095673206123,906.7189016548913,351.10158559526997,968.6380677237304
8,14.506524530442835,7.582197359728883,0.007644301113798422,3.3012705664546598,2.800593105198723,0.6584923407686101,20.620532115022847,0.0,1.3640104842616358,22.992811072292394,48.446924736480675,269.01377317925295,376.37060116754765,364.4576369485572,336.45976912621694,344.54220073249655,434.65414203171184,617.7805324136285,141.61650280689182,264.70759499112773,326.4143170145421,381.9568291080654,613.1354729690944,142.02012988048764,576.5225408931028,551.1590093015615,867.0754853218093,1549.261220102123,1200.8135731752548,541.8973394248857,1271.9162187583988
9,24.767062775516013,15.378065022880948,1.167430331755659,8.909320477502293,8.073587272026408,0.12704461487168905,11.3776350394073,1.3640104842616358,0.0,13.156386678344372,33.55275410835535,232.06655256727947,332.41911999783343,321.2290903019678,294.9782593022639,302.5491276400368,387.32019334892004,561.0873599422929,115.18365054924908,228.06824063322932,285.5772587625295,337.6702921941312,556.6609767851315,115.54769331178044,521.8015162898707,497.68556298182506,799.6586829982771,1458.685934372431,1121.23507805326,488.8865891328817,1189.975798208318
10,74.02580698139687,56.98228253633431,22.16197109498642,43.71883304965811,41.842517319119715,15.869121203977427,0.0645659768879331,22.992811072292394,13.156386678344372,0.0,4.6885264564483995,134.71217414673478,213.31161164860112,204.36679948595383,183.54174022613898,189.5238466732261,257.70775665143776,402.4079847113979,50.48374279614201,131.67000234629975,176.14221274149722,217.52220131983643,398.6607444348206,50.724848575586506,369.24704010574675,349.00569030129276,607.6749337283294,1194.7788900833104,891.480763080217,341.6437113679118,952.8860521365227
11,115.97406797754493,94.36104846700015,47.237452969631875,77.04138859028345,74.54388008002634,37.80905857147127,5.8534910716951964,48.446924736480675,33.55275410835535,4.6885264564483995,0.0,89.13733054137175,154.75088088626117,147.14638809948397,129.56033213642203,134.5940011540732,192.8759368747946,320.224179954612,24.40252023052342,86.66594225218714,123.35561676968553,158.34027777777774,316.88236514276724,24.570236764603283,290.7195941410053,272.7912523515181,505.6095374707941,1049.7777049926838,766.86760906628,266.2871110663201,823.8938923975038
12,408.45956134850263,366.9223901675808,266.1533712562334,331.9166293409777,326.710563543253,243.05321150228437,140.6751545283526,269.01377317925295,232.06655256727947,134.71217414673478,89.13733054137175,0.0,8.991805144972988,7.231443087935935,3.7682589127978687,4.666501384813903,19.77333042192957,71.4625399384873,20.26229694825168,0.017371866179152397,2.7732259100002974,9.87264474902207,69.88848246845143,20.110017851596538,57.900601198583786,50.05755807877203,170.15914107506157,527.1164337543669,333.1032985667675,47.29380542864817,371.0360118247784
13,538.6584419510887,490.79316877096585,372.98584796500353,450.1701323568935,444.10380274119865,345.5434041774912,220.79848793633738,376.37060116754765,332.41911999783343,213.31161164860112,154.75088088626117,8.991805144972988,0.0,0.09579001238555479,1.1181656078295938,0.7029568763050175,2.0969572098300806,29.756130744423544,56.25000000000006,9.799631148183467,1.7777777777777841,0.020575786079010634,28.74352999053157,55.99608721654657,21.257729890032756,16.617874525963675,100.91954996040174,398.41687009167157,232.63826374529282,15.042105243512758,264.5066756994835
14,524.3878686343531,477.175741259325,361.1270038974677,437.13248374048516,431.1549449982709,334.1327426141897,211.6963890835249,364.4576369485572,321.2290903019678,204.36679948595383,147.14638809948397,7.231443087935935,0.09579001238555479,0.0,0.5594050952803712,0.2797623113175311,3.0891122306839534,33.228510831161934,51.703295770412886,7.957683521920938,1.0482354804792988,0.2051566719449171,32.157960142370385,51.459872959497304,24.207484309663094,19.237016599924193,107.23372720442589,410.8681215556898,242.17532955399224,17.538631349333745,274.66965950980807
15,490.6926246660526,445.05888334889096,333.25992232811944,406.4167140981567,400.6537465522573,307.34873470243065,190.49123227595229,336.45976912621694,294.9782593022639,183.54174022613898,129.56033213642203,3.7682589127978687,1.1181656078295938,0.5594050952803712,0.0,0.04796461990301114,6.277635141306586,42.4107224921797,41.506663101394174,4.297340421495209,0.07612071779662316,1.4421034637038155,41.20013053146033,41.288590260228176,32.12672366034492,26.35730124111628,123.28339935796723,441.7485900021475,266.01340413906144,24.362603386091028,300.0203216969514
16,500.4433487349615,454.3474280748886,341.30405740727986,415.2949954086318,409.4691976229274,315.0757266663854,196.58463800497952,344.54220073249655,302.5491276400368,189.5238466732261,134.5940011540732,4.666501384813903,0.7029568763050175,0.2797623113175311,0.04796461990301114,0.0,5.228140179370602,39.60616949836007,44.37657833681171,5.253314512518127,0.24493402483953508,0.9640644923743358,38.43658409792896,44.15108257632678,29.691991287783875,24.15651693265996,118.46793251827053,432.59040380596156,258.9173553719008,22.2485846468891,292.4813605380232
17,607.9727690435666,557.0515559458343,431.0161713547732,513.71584886082,507.2340843261965,401.47677035743067,265.9305462241332,434.65414203171184,387.32019334892004,257.70775665143776,192.8759368747946,19.77333042192957,2.0969572098300806,3.0891122306839534,6.277635141306586,5.228140179370602,0.0,16.054691465854496,80.06826868523991,20.962879151906883,7.736301472125164,1.7020980769804932,15.313226984906725,79.76527539699998,10.00155264273636,6.90856699214665,73.92190437849248,342.70506920182737,190.56136061020652,5.906493550120933,219.50122614888488
18,821.6211367911854,762.2441956006712,613.4419137627282,711.4025799516261,703.7713148347219,578.1002717310163,412.6670324584192,617.7805324136285,561.0873599422929,402.4079847113979,320.224179954612,71.4625399384873,29.756130744423544,33.228510831161934,42.4107224921797,39.60616949836007,16.054691465854496,0.0,167.8299012362269,73.70830825111285,46.08035660963305,28.211771029293217,0.008764470510110069,167.39110311729016,0.7128550803938636,1.9000287407805807,21.076860943112553,210.4084998059062,95.992296039479,2.4853608647615792,116.82892890202757
19,246.77319604944907,214.7353852727947,139.54322501418375,188.16193563558184,184.24724536414942,122.96143696437636,54.15914367404221,141.61650280689182,115.18365054924908,50.48374279614201,24.40252023052342,20.26229694825168,56.25000000000006,51.703295770412886,41.506663101394174,44.37657833681171,80.06826868523991,167.8299012362269,0.0,19.09308731943392,38.02777777777779,58.42221513034134,165.41301921963336,0.0002871894498847699,146.66688854062207,134.01541550957018,307.8576342308258,754.0726077965898,517.675521569436,129.46833475170948,564.7115937322706
20,403.14938036582464,361.8903554705583,261.8702404780262,327.1314971654941,321.9632435246662,238.96094208746058,137.5660011928434,264.70759499112773,228.06824063322932,131.67000234629975,86.66594225218714,0.017371866179152397,9.799631148183467,7.957683521920938,4.297340421495209,5.253314512518127,20.962879151906883,73.70830825111285,19.09308731943392,0.0,3.229578911961311,10.718282909129265,72.10957243357697,18.94527544414847,59.923806054534786,51.93996956940915,173.61510673982494,533.1859114187002,337.9317517777323,49.12400013118983,376.13101618851647
21,478.5455093463527,433.4940072601798,323.26271499596885,395.36867516199356,389.68485920750095,297.7510544507151,182.95149340081818,326.4143170145421,285.5772587625295,176.14221274149722,123.35561676968553,2.7732259100002974,1.7777777777777841,1.0482354804792988,0.07612071779662316,0.24493402483953508,7.736301472125164,46.08035660963305,38.02777777777779,3.229578911961311,0.0,2.180867225058978,44.81810585348301,37.81905610061824,35.33046920569309,29.26632625638262,129.48632049736605,453.422334572546,275.0893318029183,27.16232382274774,309.6542166830901
22,545.3373421123356,497.16935790263824,378.54699304249164,456.27761354474615,450.1701323568935,350.8968317955151,225.0819746782526,381.9568291080654,337.6702921941312,217.52220131983643,158.34027777777774,9.87264474902207,0.020575786079010634,0.2051566719449171,1.4421034637038155,0.9640644923743358,1.7020980769804932,28.211771029293217,58.42221513034134,10.718282909129265,2.180867225058978,0.0,27.22602811375892,58.16344059877222,19.955589527056794,15.468961823285195,98.0581132057896,392.7111066320282,228.28312695003578,13.950020902385832,259.86144704231253
23,816.2629377910207,757.0835629017447,608.8132248101455,706.4173212212281,698.8129139426816,573.6071509149056,408.8722154396083,613.1354729690944,556.6609767851315,398.6607444348206,316.88236514276724,69.88848246845143,28.74352999053157,32.157960142370385,41.20013053146033,38.43658409792896,15.313226984906725,0.008764470510110069,165.41301921963336,72.10957243357697,44.81810585348301,27.22602811375892,0.0,164.97739415188707,0.5635335321661465,1.650702174120215,21.945224218139284,213.13323120671967,97.83553225720766,2.198944902273941,118.8614954400231
24,247.30591411110584,215.23234030765957,139.9438887365472,188.62714485197577,184.7075928324277,123.33756043434659,54.40886169300584,142.02012988048764,115.54769331178044,50.724848575586506,24.570236764603283,20.110017851596538,55.99608721654657,51.459872959497304,41.288590260228176,44.15108257632678,79.76527539699998,167.39110311729016,0.0002871894498847699,18.94527544414847,37.81905610061824,58.16344059877222,164.97739415188707,0.0,146.2567068126797,133.62333647490655,307.2632333856976,753.1421711872545,516.904651321631,129.08296955968174,563.9064513172298
25,773.931644758218,716.3364695034489,572.331560704468,667.0764766371451,659.6874308723955,538.2125496883925,379.077013571809,576.5225408931028,521.8015162898707,369.24704010574675,290.7195941410053,57.900601198583786,21.257729890032756,24.207484309663094,32.12672366034492,29.691991287783875,10.00155264273636,0.7128550803938636,146.66688854062207,59.923806054534786,35.33046920569309,19.955589527056794,0.5635335321661465,146.2567068126797,0.0,0.2852711895196044,29.542069834331304,235.61549851653882,113.24946687005297,0.5361099224302938,135.79358887999624
26,744.4995539580158,688.0315216136036,547.0614250201556,639.7720613485022,632.53624324405,513.7158488608196,358.5642319119708,551.1590093015615,497.68556298182506,349.00569030129276,272.7912523515181,50.05755807877203,16.617874525963675,19.237016599924193,26.35730124111628,24.15651693265996,6.90856699214665,1.9000287407805807,134.01541550957018,51.93996956940915,29.26632625638262,15.468961823285195,1.650702174120215,133.62333647490655,0.2852711895196044,0.0,35.633372853770865,252.29763691062743,124.90255405500126,0.03923863059511905,148.52683157156108
27,1105.8876209953212,1036.8222590290582,861.9340768563677,977.3805086932433,968.4321665368573,819.9443316729856,620.2670893738614,867.0754853218093,799.6586829982771,607.6749337283294,505.6095374707941,170.15914107506157,100.91954996040174,107.23372720442589,123.28339935796723,118.46793251827053,73.92190437849248,21.076860943112553,307.8576342308258,173.61510673982494,129.48632049736605,98.0581132057896,21.945224218139284,307.2632333856976,29.542069834331304,35.633372853770865,0.0,98.29751308027669,27.108804043439683,38.03752565132195,38.660899022472215
28,1863.5970020006564,1773.6087683146911,1542.3861267879001,1695.5943817372865,1683.8017128758693,1486.0393039505504,1212.4095673206123,1549.261220102123,1458.685934372431,1194.7788900833104,1049.7777049926838,527.1164337543669,398.41687009167157,410.8681215556898,441.7485900021475,432.59040380596156,342.70506920182737,210.4084998059062,754.0726077965898,533.1859114187002,453.422334572546,392.7111066320282,213.13323120671967,753.1421711872545,235.61549851653882,252.29763691062743,98.29751308027669,0.0,22.164309780761833,258.6296694436978,13.665748454716404
29,1479.287001356557,1399.2339795399525,1194.7617189707535,1330.0387970615243,1319.5967548644933,1145.2323450107829,906.7189016548913,1200.8135731752548,1121.23507805326,891.480763080217,766.86760906628,333.1032985667675,232.63826374529282,242.17532955399224,266.01340413906144,258.9173553719008,190.56136061020652,95.992296039479,517.675521569436,337.9317517777323,275.0893318029183,228.28312695003578,97.83553225720766,516.904651321631,113.24946687005297,124.90255405500126,27.108804043439683,22.164309780761833,0.0,129.36943548010953,1.0224796275772445
30,733.7289557765237,677.6789529491429,537.8343933829018,629.7905655588402,622.6115758159394,504.77566514377844,351.10158559526997,541.8973394248857,488.8865891328817,341.6437113679118,266.2871110663201,47.29380542864817,15.042105243512758,17.538631349333745,24.362603386091028,22.2485846468891,5.906493550120933,2.4853608647615792,129.46833475170948,49.12400013118983,27.16232382274774,13.950020902385832,2.198944902273941,129.08296955968174,0.5361099224302938,0.03923863059511905,38.03752565132195,258.6296694436978,129.36943548010953,0.0,153.39431604407434
31,1558.0922765684256,1475.905338558924,1265.6875466571116,1404.8159395622447,1394.0838055032998,1214.6938994893849,968.6380677237304,1271.9162187583988,1189.975798208318,952.8860521365227,823.8938923975038,371.0360118247784,264.5066756994835,274.66965950980807,300.0203216969514,292.4813605380232,219.50122614888488,116.82892890202757,564.7115937322706,376.13101618851647,309.6542166830901,259.86144704231253,118.8614954400231,563.9064513172298,135.79358887999624,148.52683157156108,38.660899022472215,13.665748454716404,1.0224796275772445,153.39431604407434,0.0
